,VA,PSV,GE,RQ,RL,CC
VA,1.0,0.418,0.352,0.589,0.547,0.471
PSV,0.418,1.0,0.767,0.76,0.788,0.704
GE,0.352,0.767,1.0,0.834,0.879,0.809
RQ,0.589,0.76,0.834,1.0,0.855,0.84
RL,0.547,0.788,0.879,0.855,1.0,0.86
CC,0.471,0.704,0.809,0.84,0.86,1.0
